LambdaMART:
Mean nDCG: 0.5660952025563429
Mean MAP: 0.5338224277028774
Top 10 important features: [38 22 24 28 39 21 36  2 23 37]
Mean Feature Importance:
[0.01564628 0.01697328 0.02726415 0.00868891 0.01425335 0.
 0.         0.         0.         0.         0.0161535  0.02386857
 0.02118808 0.00588216 0.0178524  0.02096373 0.01523787 0.01492106
 0.01768438 0.018964   0.02056376 0.0283147  0.05081768 0.02548191
 0.04999638 0.01320224 0.01070572 0.0115424  0.04812637 0.01018043
 0.02060402 0.01341639 0.0130972  0.01403888 0.02257907 0.01826372
 0.02764229 0.02505142 0.19680345 0.04713625 0.01363871 0.0187385
 0.         0.01449884 0.01264907 0.01736886]
------------------------------------------------------------
FastRank:
Mean nDCG: 0.5243749455539654
Mean MAP: 0.48992525733110937
Top 10 important features: [38  6 39 19 28 32 25 16 11 34]
Mean Feature Importance:
[-9.29528076e-03 -6.77808423e-05 -6.99999931e-05  6.12632213e-05
  1.21628709e-05 -6.04495216e-01  1.83331827e-01 -1.15157193e-02
 -1.51853971e-03 -1.89273066e-01 -3.49437489e-05  2.26016236e-03
  4.78169602e-06 -8.71458617e-03  6.17518070e-04 -1.15207319e-02
  1.34143132e-02  1.00596829e-03 -1.78004179e-04  4.56096144e-02
 -5.91655344e-03  3.68097403e-04  8.97887402e-05 -8.87985502e-03
 -5.10802379e-04  1.87850419e-02  9.56303610e-06 -5.28736665e-05
  4.55927581e-02  7.55105281e-05 -1.16459405e-02 -9.49444747e-04
  3.27407185e-02 -4.51339591e-03  1.42303811e-03  1.88600292e-04
 -7.93124365e-04 -2.89483023e-04  2.08484439e-01  8.38216151e-02
 -1.13737378e-04 -3.73546394e-02 -4.16672630e-04 -4.23528884e-06
  2.33945828e-04  1.21174612e-05]